./myanmar/D106/LOS 1500 93.15 97.52 15.17 24.05
./myanmar/D106/RNG 1500 93.15 97.52 15.17 24.05
./myanmar/D106/AZI 1500 93.15 97.52 15.17 24.05
./myanmar/D33/LOS 1500 95.3 99.27 15.24 23.4
./myanmar/D33/RNG 1500 95.3 99.27 15.24 23.4
./myanmar/D33/AZI 1500 95.3 99.27 15.24 23.4
./myanmar/A143/LOS 1500 93.32 97.35 15.1 23.42
./myanmar/A143/RNG 1500 93.32 97.35 15.1 23.42
./myanmar/A143/AZI 1500 93.32 97.35 15.1 23.42
./myanmar/A70/LOS 1500 95.19 99.2 16.36 24.54
./myanmar/A70/RNG 1500 95.19 99.2 16.36 24.54
./myanmar/A70/AZI 1500 95.19 99.2 16.36 24.54